{
 "cells": [
  {
   "cell_type": "markdown",
   "metadata": {
    "pycharm": {
     "name": "#%% md\n"
    }
   },
   "source": [
    "# Loading data(数据读取)"
   ]
  },
  {
   "cell_type": "code",
   "execution_count": 11,
   "metadata": {
    "pycharm": {
     "name": "#%%\n"
    }
   },
   "outputs": [],
   "source": [
    "%matplotlib inline\n",
    "import os\n",
    "import pandas as pd\n",
    "import numpy as np\n",
    "import matplotlib as mpl\n",
    "import matplotlib.pyplot as plt\n",
    "import matplotlib.colors as colors\n",
    "from mpl_toolkits.axes_grid1 import make_axes_locatable\n",
    "\n",
    "from pandas import set_option\n",
    "set_option(\"display.max_rows\",150)\n",
    "set_option('display.width', 200)\n",
    "import seaborn as sns\n",
    "\n",
    "import math\n",
    "\n",
    "# import tensorflow as tf"
   ]
  },
  {
   "cell_type": "code",
   "execution_count": 12,
   "metadata": {
    "pycharm": {
     "name": "#%%\n"
    }
   },
   "outputs": [],
   "source": [
    "# 定义要处理的元素\n",
    "element_name = \"DTXX\""
   ]
  },
  {
   "cell_type": "code",
   "execution_count": 13,
   "metadata": {
    "pycharm": {
     "name": "#%%\n"
    }
   },
   "outputs": [
    {
     "data": {
      "text/plain": "         DEPTH         DT   CNL    DEN   GR    RD    RS        DTXX\n0     2107.000  82.196225  17.3  2.451  120  4.91  5.11  168.247598\n1     2107.125  81.984576  16.9  2.444  118  5.18  5.37  166.368776\n2     2107.250  81.677681  16.3  2.437  116  5.40  5.60  165.172409\n3     2107.375  81.509332  15.8  2.435  114  5.55  5.76  164.581235\n4     2107.500  81.742845  15.7  2.448  116  5.57  5.82  164.762338\n...        ...        ...   ...    ...  ...   ...   ...         ...\n3836  2586.500  86.894184  15.4  2.652  138  5.31  6.30  169.218485\n3837  2586.625  85.568864  14.9  2.651  136  5.35  6.32  162.964982\n3838  2586.750  81.355412  14.0  2.646  135  5.59  6.52  156.272841\n3839  2586.875  76.638988  12.5  2.645  127  6.50  7.39  149.232910\n3840  2587.000  72.828514  10.4  2.650  114  8.64  9.39  142.077324\n\n[3841 rows x 8 columns]",
      "text/html": "<div>\n<style scoped>\n    .dataframe tbody tr th:only-of-type {\n        vertical-align: middle;\n    }\n\n    .dataframe tbody tr th {\n        vertical-align: top;\n    }\n\n    .dataframe thead th {\n        text-align: right;\n    }\n</style>\n<table border=\"1\" class=\"dataframe\">\n  <thead>\n    <tr style=\"text-align: right;\">\n      <th></th>\n      <th>DEPTH</th>\n      <th>DT</th>\n      <th>CNL</th>\n      <th>DEN</th>\n      <th>GR</th>\n      <th>RD</th>\n      <th>RS</th>\n      <th>DTXX</th>\n    </tr>\n  </thead>\n  <tbody>\n    <tr>\n      <th>0</th>\n      <td>2107.000</td>\n      <td>82.196225</td>\n      <td>17.3</td>\n      <td>2.451</td>\n      <td>120</td>\n      <td>4.91</td>\n      <td>5.11</td>\n      <td>168.247598</td>\n    </tr>\n    <tr>\n      <th>1</th>\n      <td>2107.125</td>\n      <td>81.984576</td>\n      <td>16.9</td>\n      <td>2.444</td>\n      <td>118</td>\n      <td>5.18</td>\n      <td>5.37</td>\n      <td>166.368776</td>\n    </tr>\n    <tr>\n      <th>2</th>\n      <td>2107.250</td>\n      <td>81.677681</td>\n      <td>16.3</td>\n      <td>2.437</td>\n      <td>116</td>\n      <td>5.40</td>\n      <td>5.60</td>\n      <td>165.172409</td>\n    </tr>\n    <tr>\n      <th>3</th>\n      <td>2107.375</td>\n      <td>81.509332</td>\n      <td>15.8</td>\n      <td>2.435</td>\n      <td>114</td>\n      <td>5.55</td>\n      <td>5.76</td>\n      <td>164.581235</td>\n    </tr>\n    <tr>\n      <th>4</th>\n      <td>2107.500</td>\n      <td>81.742845</td>\n      <td>15.7</td>\n      <td>2.448</td>\n      <td>116</td>\n      <td>5.57</td>\n      <td>5.82</td>\n      <td>164.762338</td>\n    </tr>\n    <tr>\n      <th>...</th>\n      <td>...</td>\n      <td>...</td>\n      <td>...</td>\n      <td>...</td>\n      <td>...</td>\n      <td>...</td>\n      <td>...</td>\n      <td>...</td>\n    </tr>\n    <tr>\n      <th>3836</th>\n      <td>2586.500</td>\n      <td>86.894184</td>\n      <td>15.4</td>\n      <td>2.652</td>\n      <td>138</td>\n      <td>5.31</td>\n      <td>6.30</td>\n      <td>169.218485</td>\n    </tr>\n    <tr>\n      <th>3837</th>\n      <td>2586.625</td>\n      <td>85.568864</td>\n      <td>14.9</td>\n      <td>2.651</td>\n      <td>136</td>\n      <td>5.35</td>\n      <td>6.32</td>\n      <td>162.964982</td>\n    </tr>\n    <tr>\n      <th>3838</th>\n      <td>2586.750</td>\n      <td>81.355412</td>\n      <td>14.0</td>\n      <td>2.646</td>\n      <td>135</td>\n      <td>5.59</td>\n      <td>6.52</td>\n      <td>156.272841</td>\n    </tr>\n    <tr>\n      <th>3839</th>\n      <td>2586.875</td>\n      <td>76.638988</td>\n      <td>12.5</td>\n      <td>2.645</td>\n      <td>127</td>\n      <td>6.50</td>\n      <td>7.39</td>\n      <td>149.232910</td>\n    </tr>\n    <tr>\n      <th>3840</th>\n      <td>2587.000</td>\n      <td>72.828514</td>\n      <td>10.4</td>\n      <td>2.650</td>\n      <td>114</td>\n      <td>8.64</td>\n      <td>9.39</td>\n      <td>142.077324</td>\n    </tr>\n  </tbody>\n</table>\n<p>3841 rows × 8 columns</p>\n</div>"
     },
     "execution_count": 13,
     "metadata": {},
     "output_type": "execute_result"
    }
   ],
   "source": [
    "# filename = 'data.csv'\n",
    "# 读取A、B部分共有数据\n",
    "filename = 'GY1_R_0.1250m_QSK_2107m-2587m.csv'\n",
    "dataPath = os.path.join('../data/exp_curve_reconstract/exp_1/train/QSK')\n",
    "file = os.path.join(dataPath,filename)\n",
    "AB = pd.read_csv(file,engine='python',encoding='GBK')\n",
    "# AB = pd.read_csv(filename,engine='python',encoding='GBK')\n",
    "AB"
   ]
  },
  {
   "cell_type": "code",
   "execution_count": 14,
   "metadata": {
    "scrolled": false,
    "pycharm": {
     "name": "#%%\n"
    }
   },
   "outputs": [
    {
     "data": {
      "text/plain": "          DEPTH        DT       CNL       DEN        GR        RD        RS      DTXX\nDEPTH  1.000000  0.589128  0.238637  0.153414  0.214205  0.199801  0.260834  0.059051\nDT     0.589128  1.000000  0.707618 -0.205513  0.412469 -0.254441 -0.204107  0.704776\nCNL    0.238637  0.707618  1.000000 -0.440269  0.248548 -0.348371 -0.335618  0.677237\nDEN    0.153414 -0.205513 -0.440269  1.000000  0.058896  0.132567  0.117171 -0.354685\nGR     0.214205  0.412469  0.248548  0.058896  1.000000 -0.328410 -0.321766  0.351554\nRD     0.199801 -0.254441 -0.348371  0.132567 -0.328410  1.000000  0.967258 -0.442773\nRS     0.260834 -0.204107 -0.335618  0.117171 -0.321766  0.967258  1.000000 -0.438165\nDTXX   0.059051  0.704776  0.677237 -0.354685  0.351554 -0.442773 -0.438165  1.000000",
      "text/html": "<div>\n<style scoped>\n    .dataframe tbody tr th:only-of-type {\n        vertical-align: middle;\n    }\n\n    .dataframe tbody tr th {\n        vertical-align: top;\n    }\n\n    .dataframe thead th {\n        text-align: right;\n    }\n</style>\n<table border=\"1\" class=\"dataframe\">\n  <thead>\n    <tr style=\"text-align: right;\">\n      <th></th>\n      <th>DEPTH</th>\n      <th>DT</th>\n      <th>CNL</th>\n      <th>DEN</th>\n      <th>GR</th>\n      <th>RD</th>\n      <th>RS</th>\n      <th>DTXX</th>\n    </tr>\n  </thead>\n  <tbody>\n    <tr>\n      <th>DEPTH</th>\n      <td>1.000000</td>\n      <td>0.589128</td>\n      <td>0.238637</td>\n      <td>0.153414</td>\n      <td>0.214205</td>\n      <td>0.199801</td>\n      <td>0.260834</td>\n      <td>0.059051</td>\n    </tr>\n    <tr>\n      <th>DT</th>\n      <td>0.589128</td>\n      <td>1.000000</td>\n      <td>0.707618</td>\n      <td>-0.205513</td>\n      <td>0.412469</td>\n      <td>-0.254441</td>\n      <td>-0.204107</td>\n      <td>0.704776</td>\n    </tr>\n    <tr>\n      <th>CNL</th>\n      <td>0.238637</td>\n      <td>0.707618</td>\n      <td>1.000000</td>\n      <td>-0.440269</td>\n      <td>0.248548</td>\n      <td>-0.348371</td>\n      <td>-0.335618</td>\n      <td>0.677237</td>\n    </tr>\n    <tr>\n      <th>DEN</th>\n      <td>0.153414</td>\n      <td>-0.205513</td>\n      <td>-0.440269</td>\n      <td>1.000000</td>\n      <td>0.058896</td>\n      <td>0.132567</td>\n      <td>0.117171</td>\n      <td>-0.354685</td>\n    </tr>\n    <tr>\n      <th>GR</th>\n      <td>0.214205</td>\n      <td>0.412469</td>\n      <td>0.248548</td>\n      <td>0.058896</td>\n      <td>1.000000</td>\n      <td>-0.328410</td>\n      <td>-0.321766</td>\n      <td>0.351554</td>\n    </tr>\n    <tr>\n      <th>RD</th>\n      <td>0.199801</td>\n      <td>-0.254441</td>\n      <td>-0.348371</td>\n      <td>0.132567</td>\n      <td>-0.328410</td>\n      <td>1.000000</td>\n      <td>0.967258</td>\n      <td>-0.442773</td>\n    </tr>\n    <tr>\n      <th>RS</th>\n      <td>0.260834</td>\n      <td>-0.204107</td>\n      <td>-0.335618</td>\n      <td>0.117171</td>\n      <td>-0.321766</td>\n      <td>0.967258</td>\n      <td>1.000000</td>\n      <td>-0.438165</td>\n    </tr>\n    <tr>\n      <th>DTXX</th>\n      <td>0.059051</td>\n      <td>0.704776</td>\n      <td>0.677237</td>\n      <td>-0.354685</td>\n      <td>0.351554</td>\n      <td>-0.442773</td>\n      <td>-0.438165</td>\n      <td>1.000000</td>\n    </tr>\n  </tbody>\n</table>\n</div>"
     },
     "execution_count": 14,
     "metadata": {},
     "output_type": "execute_result"
    }
   ],
   "source": [
    "# 打印相关性矩阵\n",
    "# print(AB.corr())\n",
    "AB.corr()"
   ]
  },
  {
   "cell_type": "markdown",
   "metadata": {
    "pycharm": {
     "name": "#%% md\n"
    }
   },
   "source": [
    "# Obtain the top-N dimensions with the highest correlation coefficient (得出相关系数最大的N个维度)"
   ]
  },
  {
   "cell_type": "code",
   "execution_count": 69,
   "metadata": {
    "pycharm": {
     "name": "#%%\n"
    }
   },
   "outputs": [],
   "source": [
    "N = int(7)"
   ]
  },
  {
   "cell_type": "code",
   "execution_count": 70,
   "metadata": {
    "scrolled": false,
    "pycharm": {
     "name": "#%%\n"
    }
   },
   "outputs": [
    {
     "data": {
      "text/plain": "DEPTH    0.0\nDT       0.0\nCNL      0.0\nDEN      0.0\nGR       0.0\nRD       0.0\nRS       0.0\nDTXX     0.0\ndtype: float64"
     },
     "execution_count": 70,
     "metadata": {},
     "output_type": "execute_result"
    }
   ],
   "source": [
    "# 用.isnull().sum()检查每个变量中缺失值的占比：\n",
    "AB.isnull().sum()/len(AB)*100"
   ]
  },
  {
   "cell_type": "code",
   "execution_count": 71,
   "metadata": {
    "pycharm": {
     "name": "#%%\n"
    }
   },
   "outputs": [],
   "source": [
    "CORR_AB = AB.corr()"
   ]
  },
  {
   "cell_type": "code",
   "execution_count": 72,
   "metadata": {
    "pycharm": {
     "name": "#%%\n"
    }
   },
   "outputs": [],
   "source": [
    "# # 保存变量中的缺失值\n",
    "\n",
    "# a = AB.isnull().sum()/len(AB)*100\n",
    "\n",
    "# # 保存列名\n",
    "\n",
    "# variables = AB.columns\n",
    "\n",
    "# variable = [ ]\n",
    "\n",
    "# for i in range(0,12):\n",
    "#     if a[i]<=20: #setting the threshold as 20%\n",
    "#         variable.append(variables[i])"
   ]
  },
  {
   "cell_type": "code",
   "execution_count": 72,
   "metadata": {
    "pycharm": {
     "name": "#%%\n"
    }
   },
   "outputs": [],
   "source": []
  },
  {
   "cell_type": "code",
   "execution_count": 73,
   "metadata": {
    "pycharm": {
     "name": "#%%\n"
    }
   },
   "outputs": [
    {
     "data": {
      "text/plain": "          DEPTH        DT       CNL       DEN        GR        RD        RS      DTXX\nRD     0.199801 -0.254441 -0.348371  0.132567 -0.328410  1.000000  0.967258 -0.442773\nRS     0.260834 -0.204107 -0.335618  0.117171 -0.321766  0.967258  1.000000 -0.438165\nDEN    0.153414 -0.205513 -0.440269  1.000000  0.058896  0.132567  0.117171 -0.354685\nDEPTH  1.000000  0.589128  0.238637  0.153414  0.214205  0.199801  0.260834  0.059051\nGR     0.214205  0.412469  0.248548  0.058896  1.000000 -0.328410 -0.321766  0.351554\nCNL    0.238637  0.707618  1.000000 -0.440269  0.248548 -0.348371 -0.335618  0.677237\nDT     0.589128  1.000000  0.707618 -0.205513  0.412469 -0.254441 -0.204107  0.704776\nDTXX   0.059051  0.704776  0.677237 -0.354685  0.351554 -0.442773 -0.438165  1.000000",
      "text/html": "<div>\n<style scoped>\n    .dataframe tbody tr th:only-of-type {\n        vertical-align: middle;\n    }\n\n    .dataframe tbody tr th {\n        vertical-align: top;\n    }\n\n    .dataframe thead th {\n        text-align: right;\n    }\n</style>\n<table border=\"1\" class=\"dataframe\">\n  <thead>\n    <tr style=\"text-align: right;\">\n      <th></th>\n      <th>DEPTH</th>\n      <th>DT</th>\n      <th>CNL</th>\n      <th>DEN</th>\n      <th>GR</th>\n      <th>RD</th>\n      <th>RS</th>\n      <th>DTXX</th>\n    </tr>\n  </thead>\n  <tbody>\n    <tr>\n      <th>RD</th>\n      <td>0.199801</td>\n      <td>-0.254441</td>\n      <td>-0.348371</td>\n      <td>0.132567</td>\n      <td>-0.328410</td>\n      <td>1.000000</td>\n      <td>0.967258</td>\n      <td>-0.442773</td>\n    </tr>\n    <tr>\n      <th>RS</th>\n      <td>0.260834</td>\n      <td>-0.204107</td>\n      <td>-0.335618</td>\n      <td>0.117171</td>\n      <td>-0.321766</td>\n      <td>0.967258</td>\n      <td>1.000000</td>\n      <td>-0.438165</td>\n    </tr>\n    <tr>\n      <th>DEN</th>\n      <td>0.153414</td>\n      <td>-0.205513</td>\n      <td>-0.440269</td>\n      <td>1.000000</td>\n      <td>0.058896</td>\n      <td>0.132567</td>\n      <td>0.117171</td>\n      <td>-0.354685</td>\n    </tr>\n    <tr>\n      <th>DEPTH</th>\n      <td>1.000000</td>\n      <td>0.589128</td>\n      <td>0.238637</td>\n      <td>0.153414</td>\n      <td>0.214205</td>\n      <td>0.199801</td>\n      <td>0.260834</td>\n      <td>0.059051</td>\n    </tr>\n    <tr>\n      <th>GR</th>\n      <td>0.214205</td>\n      <td>0.412469</td>\n      <td>0.248548</td>\n      <td>0.058896</td>\n      <td>1.000000</td>\n      <td>-0.328410</td>\n      <td>-0.321766</td>\n      <td>0.351554</td>\n    </tr>\n    <tr>\n      <th>CNL</th>\n      <td>0.238637</td>\n      <td>0.707618</td>\n      <td>1.000000</td>\n      <td>-0.440269</td>\n      <td>0.248548</td>\n      <td>-0.348371</td>\n      <td>-0.335618</td>\n      <td>0.677237</td>\n    </tr>\n    <tr>\n      <th>DT</th>\n      <td>0.589128</td>\n      <td>1.000000</td>\n      <td>0.707618</td>\n      <td>-0.205513</td>\n      <td>0.412469</td>\n      <td>-0.254441</td>\n      <td>-0.204107</td>\n      <td>0.704776</td>\n    </tr>\n    <tr>\n      <th>DTXX</th>\n      <td>0.059051</td>\n      <td>0.704776</td>\n      <td>0.677237</td>\n      <td>-0.354685</td>\n      <td>0.351554</td>\n      <td>-0.442773</td>\n      <td>-0.438165</td>\n      <td>1.000000</td>\n    </tr>\n  </tbody>\n</table>\n</div>"
     },
     "execution_count": 73,
     "metadata": {},
     "output_type": "execute_result"
    }
   ],
   "source": [
    "CORR_AB.sort_values(by = element_name, ascending = True)"
   ]
  },
  {
   "cell_type": "code",
   "execution_count": 74,
   "metadata": {
    "pycharm": {
     "name": "#%%\n"
    }
   },
   "outputs": [],
   "source": [
    "CORR_AB_New = CORR_AB.sort_values(by = element_name, ascending = True)"
   ]
  },
  {
   "cell_type": "code",
   "execution_count": 75,
   "metadata": {
    "pycharm": {
     "name": "#%%\n"
    }
   },
   "outputs": [
    {
     "data": {
      "text/plain": "RD      -0.442773\nRS      -0.438165\nDEN     -0.354685\nDEPTH    0.059051\nGR       0.351554\nCNL      0.677237\nDT       0.704776\nDTXX     1.000000\nName: DTXX, dtype: float64"
     },
     "execution_count": 75,
     "metadata": {},
     "output_type": "execute_result"
    }
   ],
   "source": [
    "CORR_AB_New[element_name]"
   ]
  },
  {
   "cell_type": "code",
   "execution_count": 76,
   "metadata": {
    "pycharm": {
     "name": "#%%\n"
    }
   },
   "outputs": [
    {
     "data": {
      "text/plain": "RD       0.442773\nRS       0.438165\nDEN      0.354685\nDEPTH    0.059051\nGR       0.351554\nCNL      0.677237\nDT       0.704776\nName: DTXX, dtype: float64"
     },
     "execution_count": 76,
     "metadata": {},
     "output_type": "execute_result"
    }
   ],
   "source": [
    "abs(CORR_AB_New[element_name])[0:N]"
   ]
  },
  {
   "cell_type": "code",
   "execution_count": 77,
   "metadata": {
    "pycharm": {
     "name": "#%%\n"
    }
   },
   "outputs": [],
   "source": [
    "cols_name = CORR_AB_New[element_name][0:N]"
   ]
  },
  {
   "cell_type": "code",
   "execution_count": 78,
   "metadata": {
    "pycharm": {
     "name": "#%%\n"
    }
   },
   "outputs": [
    {
     "data": {
      "text/plain": "Index(['RD', 'RS', 'DEN', 'DEPTH', 'GR', 'CNL', 'DT'], dtype='object')"
     },
     "execution_count": 78,
     "metadata": {},
     "output_type": "execute_result"
    }
   ],
   "source": [
    "cols_name.index"
   ]
  },
  {
   "cell_type": "code",
   "execution_count": 79,
   "metadata": {
    "pycharm": {
     "name": "#%%\n"
    }
   },
   "outputs": [
    {
     "data": {
      "text/plain": "['RD', 'RS', 'DEN', 'DEPTH', 'GR', 'CNL', 'DT']"
     },
     "execution_count": 79,
     "metadata": {},
     "output_type": "execute_result"
    }
   ],
   "source": [
    "list= cols_name.index.tolist()\n",
    "list"
   ]
  },
  {
   "cell_type": "code",
   "execution_count": 80,
   "metadata": {
    "pycharm": {
     "name": "#%%\n"
    }
   },
   "outputs": [],
   "source": [
    "X = None\n",
    "for col_name in list:\n",
    "    input_x = AB.loc[:,col_name]\n",
    "    X = pd.concat([X,input_x],axis=1)"
   ]
  },
  {
   "cell_type": "code",
   "execution_count": 81,
   "metadata": {
    "pycharm": {
     "name": "#%%\n"
    }
   },
   "outputs": [
    {
     "data": {
      "text/plain": "        RD    RS    DEN     DEPTH   GR   CNL         DT\n0     4.91  5.11  2.451  2107.000  120  17.3  82.196225\n1     5.18  5.37  2.444  2107.125  118  16.9  81.984576\n2     5.40  5.60  2.437  2107.250  116  16.3  81.677681\n3     5.55  5.76  2.435  2107.375  114  15.8  81.509332\n4     5.57  5.82  2.448  2107.500  116  15.7  81.742845\n...    ...   ...    ...       ...  ...   ...        ...\n3836  5.31  6.30  2.652  2586.500  138  15.4  86.894184\n3837  5.35  6.32  2.651  2586.625  136  14.9  85.568864\n3838  5.59  6.52  2.646  2586.750  135  14.0  81.355412\n3839  6.50  7.39  2.645  2586.875  127  12.5  76.638988\n3840  8.64  9.39  2.650  2587.000  114  10.4  72.828514\n\n[3841 rows x 7 columns]",
      "text/html": "<div>\n<style scoped>\n    .dataframe tbody tr th:only-of-type {\n        vertical-align: middle;\n    }\n\n    .dataframe tbody tr th {\n        vertical-align: top;\n    }\n\n    .dataframe thead th {\n        text-align: right;\n    }\n</style>\n<table border=\"1\" class=\"dataframe\">\n  <thead>\n    <tr style=\"text-align: right;\">\n      <th></th>\n      <th>RD</th>\n      <th>RS</th>\n      <th>DEN</th>\n      <th>DEPTH</th>\n      <th>GR</th>\n      <th>CNL</th>\n      <th>DT</th>\n    </tr>\n  </thead>\n  <tbody>\n    <tr>\n      <th>0</th>\n      <td>4.91</td>\n      <td>5.11</td>\n      <td>2.451</td>\n      <td>2107.000</td>\n      <td>120</td>\n      <td>17.3</td>\n      <td>82.196225</td>\n    </tr>\n    <tr>\n      <th>1</th>\n      <td>5.18</td>\n      <td>5.37</td>\n      <td>2.444</td>\n      <td>2107.125</td>\n      <td>118</td>\n      <td>16.9</td>\n      <td>81.984576</td>\n    </tr>\n    <tr>\n      <th>2</th>\n      <td>5.40</td>\n      <td>5.60</td>\n      <td>2.437</td>\n      <td>2107.250</td>\n      <td>116</td>\n      <td>16.3</td>\n      <td>81.677681</td>\n    </tr>\n    <tr>\n      <th>3</th>\n      <td>5.55</td>\n      <td>5.76</td>\n      <td>2.435</td>\n      <td>2107.375</td>\n      <td>114</td>\n      <td>15.8</td>\n      <td>81.509332</td>\n    </tr>\n    <tr>\n      <th>4</th>\n      <td>5.57</td>\n      <td>5.82</td>\n      <td>2.448</td>\n      <td>2107.500</td>\n      <td>116</td>\n      <td>15.7</td>\n      <td>81.742845</td>\n    </tr>\n    <tr>\n      <th>...</th>\n      <td>...</td>\n      <td>...</td>\n      <td>...</td>\n      <td>...</td>\n      <td>...</td>\n      <td>...</td>\n      <td>...</td>\n    </tr>\n    <tr>\n      <th>3836</th>\n      <td>5.31</td>\n      <td>6.30</td>\n      <td>2.652</td>\n      <td>2586.500</td>\n      <td>138</td>\n      <td>15.4</td>\n      <td>86.894184</td>\n    </tr>\n    <tr>\n      <th>3837</th>\n      <td>5.35</td>\n      <td>6.32</td>\n      <td>2.651</td>\n      <td>2586.625</td>\n      <td>136</td>\n      <td>14.9</td>\n      <td>85.568864</td>\n    </tr>\n    <tr>\n      <th>3838</th>\n      <td>5.59</td>\n      <td>6.52</td>\n      <td>2.646</td>\n      <td>2586.750</td>\n      <td>135</td>\n      <td>14.0</td>\n      <td>81.355412</td>\n    </tr>\n    <tr>\n      <th>3839</th>\n      <td>6.50</td>\n      <td>7.39</td>\n      <td>2.645</td>\n      <td>2586.875</td>\n      <td>127</td>\n      <td>12.5</td>\n      <td>76.638988</td>\n    </tr>\n    <tr>\n      <th>3840</th>\n      <td>8.64</td>\n      <td>9.39</td>\n      <td>2.650</td>\n      <td>2587.000</td>\n      <td>114</td>\n      <td>10.4</td>\n      <td>72.828514</td>\n    </tr>\n  </tbody>\n</table>\n<p>3841 rows × 7 columns</p>\n</div>"
     },
     "execution_count": 81,
     "metadata": {},
     "output_type": "execute_result"
    }
   ],
   "source": [
    "X"
   ]
  },
  {
   "cell_type": "code",
   "execution_count": 82,
   "metadata": {
    "pycharm": {
     "name": "#%%\n"
    }
   },
   "outputs": [],
   "source": [
    "Y = AB.loc[:,element_name] "
   ]
  },
  {
   "cell_type": "code",
   "execution_count": 83,
   "metadata": {
    "pycharm": {
     "name": "#%%\n"
    }
   },
   "outputs": [
    {
     "data": {
      "text/plain": "        RD    RS    DEN     DEPTH   GR   CNL         DT        DTXX\n0     4.91  5.11  2.451  2107.000  120  17.3  82.196225  168.247598\n1     5.18  5.37  2.444  2107.125  118  16.9  81.984576  166.368776\n2     5.40  5.60  2.437  2107.250  116  16.3  81.677681  165.172409\n3     5.55  5.76  2.435  2107.375  114  15.8  81.509332  164.581235\n4     5.57  5.82  2.448  2107.500  116  15.7  81.742845  164.762338\n...    ...   ...    ...       ...  ...   ...        ...         ...\n3836  5.31  6.30  2.652  2586.500  138  15.4  86.894184  169.218485\n3837  5.35  6.32  2.651  2586.625  136  14.9  85.568864  162.964982\n3838  5.59  6.52  2.646  2586.750  135  14.0  81.355412  156.272841\n3839  6.50  7.39  2.645  2586.875  127  12.5  76.638988  149.232910\n3840  8.64  9.39  2.650  2587.000  114  10.4  72.828514  142.077324\n\n[3841 rows x 8 columns]",
      "text/html": "<div>\n<style scoped>\n    .dataframe tbody tr th:only-of-type {\n        vertical-align: middle;\n    }\n\n    .dataframe tbody tr th {\n        vertical-align: top;\n    }\n\n    .dataframe thead th {\n        text-align: right;\n    }\n</style>\n<table border=\"1\" class=\"dataframe\">\n  <thead>\n    <tr style=\"text-align: right;\">\n      <th></th>\n      <th>RD</th>\n      <th>RS</th>\n      <th>DEN</th>\n      <th>DEPTH</th>\n      <th>GR</th>\n      <th>CNL</th>\n      <th>DT</th>\n      <th>DTXX</th>\n    </tr>\n  </thead>\n  <tbody>\n    <tr>\n      <th>0</th>\n      <td>4.91</td>\n      <td>5.11</td>\n      <td>2.451</td>\n      <td>2107.000</td>\n      <td>120</td>\n      <td>17.3</td>\n      <td>82.196225</td>\n      <td>168.247598</td>\n    </tr>\n    <tr>\n      <th>1</th>\n      <td>5.18</td>\n      <td>5.37</td>\n      <td>2.444</td>\n      <td>2107.125</td>\n      <td>118</td>\n      <td>16.9</td>\n      <td>81.984576</td>\n      <td>166.368776</td>\n    </tr>\n    <tr>\n      <th>2</th>\n      <td>5.40</td>\n      <td>5.60</td>\n      <td>2.437</td>\n      <td>2107.250</td>\n      <td>116</td>\n      <td>16.3</td>\n      <td>81.677681</td>\n      <td>165.172409</td>\n    </tr>\n    <tr>\n      <th>3</th>\n      <td>5.55</td>\n      <td>5.76</td>\n      <td>2.435</td>\n      <td>2107.375</td>\n      <td>114</td>\n      <td>15.8</td>\n      <td>81.509332</td>\n      <td>164.581235</td>\n    </tr>\n    <tr>\n      <th>4</th>\n      <td>5.57</td>\n      <td>5.82</td>\n      <td>2.448</td>\n      <td>2107.500</td>\n      <td>116</td>\n      <td>15.7</td>\n      <td>81.742845</td>\n      <td>164.762338</td>\n    </tr>\n    <tr>\n      <th>...</th>\n      <td>...</td>\n      <td>...</td>\n      <td>...</td>\n      <td>...</td>\n      <td>...</td>\n      <td>...</td>\n      <td>...</td>\n      <td>...</td>\n    </tr>\n    <tr>\n      <th>3836</th>\n      <td>5.31</td>\n      <td>6.30</td>\n      <td>2.652</td>\n      <td>2586.500</td>\n      <td>138</td>\n      <td>15.4</td>\n      <td>86.894184</td>\n      <td>169.218485</td>\n    </tr>\n    <tr>\n      <th>3837</th>\n      <td>5.35</td>\n      <td>6.32</td>\n      <td>2.651</td>\n      <td>2586.625</td>\n      <td>136</td>\n      <td>14.9</td>\n      <td>85.568864</td>\n      <td>162.964982</td>\n    </tr>\n    <tr>\n      <th>3838</th>\n      <td>5.59</td>\n      <td>6.52</td>\n      <td>2.646</td>\n      <td>2586.750</td>\n      <td>135</td>\n      <td>14.0</td>\n      <td>81.355412</td>\n      <td>156.272841</td>\n    </tr>\n    <tr>\n      <th>3839</th>\n      <td>6.50</td>\n      <td>7.39</td>\n      <td>2.645</td>\n      <td>2586.875</td>\n      <td>127</td>\n      <td>12.5</td>\n      <td>76.638988</td>\n      <td>149.232910</td>\n    </tr>\n    <tr>\n      <th>3840</th>\n      <td>8.64</td>\n      <td>9.39</td>\n      <td>2.650</td>\n      <td>2587.000</td>\n      <td>114</td>\n      <td>10.4</td>\n      <td>72.828514</td>\n      <td>142.077324</td>\n    </tr>\n  </tbody>\n</table>\n<p>3841 rows × 8 columns</p>\n</div>"
     },
     "execution_count": 83,
     "metadata": {},
     "output_type": "execute_result"
    }
   ],
   "source": [
    "corr_pre_data = pd.concat([X,Y],axis=1)\n",
    "corr_pre_data"
   ]
  },
  {
   "cell_type": "code",
   "execution_count": 84,
   "metadata": {
    "pycharm": {
     "name": "#%%\n"
    }
   },
   "outputs": [
    {
     "name": "stderr",
     "output_type": "stream",
     "text": [
      "D:\\Program Files\\Python310\\lib\\site-packages\\seaborn\\axisgrid.py:1912: UserWarning: The `size` parameter has been renamed to `height`; please update your code.\n",
      "  warnings.warn(msg, UserWarning)\n"
     ]
    },
    {
     "data": {
      "text/plain": "<Figure size 1600x1600 with 72 Axes>",
